close_enemies
-0.751
-0.644
-0.035
-0.095
+0.016
-0.095
+0.027
-0.014
-0.003

mid_enemies
-0.596
0.743
+0.134
-0.235
-0.008
-0.138
+0.007
-0.022
+0.01


obstacles
-0.141
+0.02
+0.594
0.786
-0.078
-0.043
+0.006
+0.02
-0.009


closest_enemy_x
-0.242
+0.142
-0.464
+0.353
+0.065
0.752
-0.102
-0.016
+0.011

closest_enemy_y
+0.038
-0.104
0.639
-0.42
+0.192
+0.599
-0.059
+0.029
+0.065


shoot
-0.025
+0.012
-0.041
+0.008
+0.06
-0.036
-0.07
0.984
+0.143



ground
+0.008
+0.013
-0.047
+0.103
+0.625
-0.156
-0.086
-0.159
0.734



current_dir
+0.002
+0.025
-0.023
+0.029
0.169
+0.088
0.979
+0.061
-0.004



jump
0
-0.022 
+0.012
-0.067
-0.728
+0.112
+0.123
-0.038
+0.66

